165.0   55.0   3.0   
10.0   5.0   4.666666666666667   
20.0   10.0   5.0   
20.0   4.0   5.0   
47.0   106.35295174818181   5.0   
726.0   27.923   26.0   
135.0   5.19   26.0   
195.0   2.635135135   4.666666666666667   
10.0   10.0   1.0   
25.0   1.5625   4.666666666666667   
250.0   250.0   1.0   
74.0   37.0   2.0   
150.12121212121212   106.35295174818181   0.5   
50.0   106.35295174818181   1.5   
72.0   24.0   3.0   
10.0   14.28571429   0.7   
95.0   29.6875   3.2   
45.0   22.5   2.0   
70.0   17.5   4.0   
50.0   5.555555556   4.666666666666667   
60.0   120.0   0.5   
300.0   60.0   5.0   
10.0   10.0   1.0   
10.0   100.0   0.1   
150.12121212121212   3.5   20.0   
90.0   45.0   4.666666666666667   
150.0   50.0   3.0   
70.0   11.66666667   6.0   
80.0   80.0   1.0   
600.0   106.35295174818181   2.0   
70.0   11.66666667   6.0   
253.0   105.4166667   2.4   
180.0   600.0   0.3   
400.0   444.4444444   0.9   
700.0   140.0   5.0   
20.0   66.66666667   0.3   
150.12121212121212   9.0   5.0   
78.0   1.418181818   55.0   
85.0   42.5   2.0   
500.0   1666.666667   4.666666666666667   
6.0   0.857142857   7.0   
50.0   8.333333333   6.0   
150.12121212121212   14.0   5.0   
850.0   106.35295174818181   20.0   
60.0   10.0   6.0   
70.0   10.0   7.0   
60.0   1.153846154   4.666666666666667   
225.0   37.5   6.0   
150.12121212121212   0.75   4.0   
